world: world
x: 132.62296629476066
y: 54.0
z: 309.52613822083134
yaw: 89.981445
pitch: 11.971164
name: antifall
lastowner: 1de0cf95-fbd4-33aa-9c34-857b83e333b2
