world: world
x: 136.5
y: 54.0
z: 253.5
yaw: 269.29907
pitch: 0.93117595
name: antipotion
lastowner: 1de0cf95-fbd4-33aa-9c34-857b83e333b2
