world: world
x: 133.01683727937694
y: 54.0
z: 265.52962503059643
yaw: 90.509155
pitch: 9.53278
name: anticactus
lastowner: 1de0cf95-fbd4-33aa-9c34-857b83e333b2
