world: world
x: 101.43098078656074
y: 54.0
z: 247.9991942707256
yaw: 180.17511
pitch: -2.1407933
name: aura
lastowner: 1de0cf95-fbd4-33aa-9c34-857b83e333b2
