world: world
x: 160.14805275982275
y: 54.0
z: 254.63047079772545
yaw: 268.11072
pitch: 7.6895533
name: bedfucker2
lastowner: 1de0cf95-fbd4-33aa-9c34-857b83e333b2
