world: world
x: 163.61188826238273
y: 54.0
z: 248.4710117669578
yaw: 183.3241
pitch: 1.5455531
name: bedfuckerhard
lastowner: 1de0cf95-fbd4-33aa-9c34-857b83e333b2
