world: world
x: 117.32413669045502
y: 54.0
z: 239.42582818364554
yaw: 91.69922
pitch: 10.7615795
name: bedfucker
lastowner: 1de0cf95-fbd4-33aa-9c34-857b83e333b2
