world: world
x: 132.6796319565271
y: 54.0
z: 329.35700202802826
yaw: 91.69998
pitch: 7.689604
name: blink
lastowner: 1de0cf95-fbd4-33aa-9c34-857b83e333b2
