world: world
x: 86.48825931286252
y: 54.0
z: 329.37324107105985
yaw: 182.63104
pitch: 0.93117785
name: blinkadvanced
lastowner: 1de0cf95-fbd4-33aa-9c34-857b83e333b2
