world: 52530f25-31bb-443c-a1fc-49ee97f5b1cd
world-name: world
x: 148.70677237876157
y: 53.0
z: 240.30150328276798
yaw: 0.11666560173034668
pitch: 19.977617263793945
name: chest
lastowner: 1824838a-b16d-3a7a-9729-a8225f88dd72
