world: world
x: 106.52538318573835
y: 58.0
z: 289.33403258848676
yaw: 91.161194
pitch: 2.7742882
name: civ
lastowner: 1de0cf95-fbd4-33aa-9c34-857b83e333b2
