world: world
x: 133.49842440012083
y: 54.0
z: 322.4772887110725
yaw: 90.471344
pitch: -1.5264189
name: climb
lastowner: 1de0cf95-fbd4-33aa-9c34-857b83e333b2
