world: world
x: 113.46377794169088
y: 66.0
z: 290.95919800136335
yaw: 272.94812
pitch: 15.062382
name: cobfall
lastowner: 1de0cf95-fbd4-33aa-9c34-857b83e333b2
