world: world
x: 132.6298711535445
y: 54.0
z: 241.5998104484166
yaw: 89.24158
pitch: 8.303994
name: cobwalk
lastowner: 1de0cf95-fbd4-33aa-9c34-857b83e333b2
