world: 52530f25-31bb-443c-a1fc-49ee97f5b1cd
world-name: world
x: 169.5205885901812
y: 60.9375
z: 239.46840980274433
yaw: 1.4169921875
pitch: 2.160032033920288
name: drop
lastowner: 1824838a-b16d-3a7a-9729-a8225f88dd72
