world: world
x: 134.17072985693028
y: 54.0
z: 333.5675376358146
yaw: 359.6577
pitch: 3.388712
name: enderpearlbug
lastowner: 1de0cf95-fbd4-33aa-9c34-857b83e333b2
