world: world
x: 174.23551153298558
y: 54.0
z: 332.9449674497798
yaw: 89.359985
pitch: 1.5455111
name: falsepositive
lastowner: 1de0cf95-fbd4-33aa-9c34-857b83e333b2
