world: world
x: 88.41586899812837
y: 54.0
z: 247.11746729746113
yaw: 270.48993
pitch: 4.00317
name: fastice
lastowner: 1de0cf95-fbd4-33aa-9c34-857b83e333b2
