world: 52530f25-31bb-443c-a1fc-49ee97f5b1cd
world-name: world
x: 154.55633223282706
y: 54.0
z: 281.59937749675953
yaw: 181.9791717529297
pitch: 11.376018524169922
name: fastbreak
lastowner: 1824838a-b16d-3a7a-9729-a8225f88dd72
