world: world
x: 136.240136971857
y: 54.0
z: 328.90691835699266
yaw: 269.83768
pitch: 0.9312198
name: fastfall
lastowner: 1de0cf95-fbd4-33aa-9c34-857b83e333b2
