world: world
x: 103.0633233539736
y: 104.0
z: 309.61215050348017
yaw: 91.824585
pitch: 10.147112
name: flight
lastowner: 1de0cf95-fbd4-33aa-9c34-857b83e333b2
