world: world
x: 169.5576961469915
y: 54.0
z: 261.1988557988443
yaw: 179.02466
pitch: 8.303952
name: fullbright
lastowner: 1de0cf95-fbd4-33aa-9c34-857b83e333b2
