world: world
x: 134.41193032332603
y: 55.200000047683716
z: 283.44895638949606
yaw: 178.29266
pitch: 7.6896276
name: hacking
