world: 52530f25-31bb-443c-a1fc-49ee97f5b1cd
world-name: world
x: 169.53339904540704
y: 59.0
z: 258.51776403075974
yaw: 179.38742065429688
pitch: -2.7744240760803223
name: itemexploit
lastowner: 1824838a-b16d-3a7a-9729-a8225f88dd72
