world: world
x: 104.48733761004658
y: 54.0
z: 239.12379908814486
yaw: 357.6959
pitch: -0.29761863
name: killaura
lastowner: 1de0cf95-fbd4-33aa-9c34-857b83e333b2
