world: world
x: 91.35394123082017
y: 54.0
z: 314.72226630321313
yaw: 1.4224854
pitch: 7.0751753
name: ladderspeed
lastowner: 1de0cf95-fbd4-33aa-9c34-857b83e333b2
