world: world
x: 136.25628724943485
y: 54.0
z: 270.66645438340527
yaw: 271.14246
pitch: 5.2319756
name: lavafall
lastowner: 1de0cf95-fbd4-33aa-9c34-857b83e333b2
