world: world
x: 92.71342383574893
y: 54.0
z: 312.5975448421662
yaw: 180.78851
pitch: -1.5264204
name: liquids
lastowner: 1de0cf95-fbd4-33aa-9c34-857b83e333b2
