world: world
x: 134.9498938351677
y: 54.0
z: 299.8979773533033
yaw: 270.45227
pitch: -0.29757273
name: liquidwalk
lastowner: 1de0cf95-fbd4-33aa-9c34-857b83e333b2
