world: world
x: 145.46775518657185
y: 54.0
z: 240.04367123410918
yaw: 2.074707
pitch: 5.8463717
name: longjump
lastowner: 1de0cf95-fbd4-33aa-9c34-857b83e333b2
