world: world
x: 101.11686933991908
y: 54.0
z: 233.9477125487133
yaw: 1.9967651
pitch: -1.5264095
name: multiaura
lastowner: 1de0cf95-fbd4-33aa-9c34-857b83e333b2
