world: world
x: 133.59178493621073
y: 54.0
z: 303.59071307576
yaw: 91.70032
pitch: -2.1408236
name: nocobweb
lastowner: 1de0cf95-fbd4-33aa-9c34-857b83e333b2
