world: world
x: 136.6590675131527
y: 54.0
z: 253.76542616634538
yaw: 269.29907
pitch: 0.93117595
name: noeffects
lastowner: 1de0cf95-fbd4-33aa-9c34-857b83e333b2
