world: world
x: 133.5546528239014
y: 54.0
z: 309.42106304505575
yaw: 91.08594
pitch: 20.59198
name: nofall
lastowner: 1de0cf95-fbd4-33aa-9c34-857b83e333b2
