world: world
x: 92.63368188621297
y: 54.0
z: 281.65089049804055
yaw: 178.33075
pitch: 3.3887758
name: nopistons
lastowner: 1de0cf95-fbd4-33aa-9c34-857b83e333b2
