world: world
x: 133.69174030266947
y: 54.0
z: 296.047875322519
yaw: 91.70032
pitch: -2.1408236
name: nosoulsand
lastowner: 1de0cf95-fbd4-33aa-9c34-857b83e333b2
