world: world
x: 126.62739022755244
y: 54.0
z: 261.483863124137
yaw: 92.314026
pitch: 7.075183
name: phasev2
lastowner: 1de0cf95-fbd4-33aa-9c34-857b83e333b2
