world: world
x: 134.46916299783877
y: 54.0
z: 319.1030147034955
yaw: 271.06662
pitch: 4.003227
name: phase
lastowner: 1de0cf95-fbd4-33aa-9c34-857b83e333b2
