world: world
x: 136.43957688272693
y: 54.0
z: 242.74779946866192
yaw: 269.29907
pitch: 0.93117595
name: potionsaver
lastowner: 1de0cf95-fbd4-33aa-9c34-857b83e333b2
