world: world
x: -13.462960346314857
y: 93.0
z: -60.12341288523167
yaw: 180.60712
pitch: -0.05921999
name: silver_mount
lastowner: 1de0cf95-fbd4-33aa-9c34-857b83e333b2
