world: world
x: 169.71728285607654
y: 54.0
z: 281.6585111725742
yaw: 179.02466
pitch: 8.303952
name: slimeblock
lastowner: 1de0cf95-fbd4-33aa-9c34-857b83e333b2
