world: world
x: 0.4711698478478443
y: 101.01005176143708
z: 0.6584422043501897
yaw: 93.50364
pitch: -3.3695917
name: spawn
