world: world
x: 179.46456656623073
y: 54.0
z: 330.79640066341346
yaw: 179.67395
pitch: 5.846323
name: speed
lastowner: 1de0cf95-fbd4-33aa-9c34-857b83e333b2
