world: world
x: 133.49842440012083
y: 54.0
z: 322.4772887110725
yaw: 91.08563
pitch: 3.3887873
name: spider
lastowner: 1de0cf95-fbd4-33aa-9c34-857b83e333b2
