world: world
x: 133.9356625742932
y: 54.0
z: 315.3348170653816
yaw: 89.24274
pitch: -0.2976203
name: step
lastowner: 1de0cf95-fbd4-33aa-9c34-857b83e333b2
