world: world
x: 136.3740023092425
y: 54.0
z: 236.66624108799294
yaw: 269.2998
pitch: 0.93117356
name: velocity
lastowner: 1de0cf95-fbd4-33aa-9c34-857b83e333b2
