world: world
x: 99.51990415625745
y: 54.0
z: 328.05382287023224
yaw: 359.0453
pitch: -12.585692
name: vinesjump
lastowner: 1de0cf95-fbd4-33aa-9c34-857b83e333b2
