world: world
x: 95.4366804125088
y: 54.0
z: 314.7679620714167
yaw: 1.4224854
pitch: 7.0751753
name: vinesspeed
lastowner: 1de0cf95-fbd4-33aa-9c34-857b83e333b2
