world: world
x: 97.48889135017544
y: 54.0
z: 239.65620037843013
yaw: 357.6959
pitch: -0.29761863
name: wallaura
lastowner: 1de0cf95-fbd4-33aa-9c34-857b83e333b2
