world: world
x: 133.02875915199726
y: 54.0
z: 270.6004854983188
yaw: 92.35193
pitch: 2.774376
name: waterfall
lastowner: 1de0cf95-fbd4-33aa-9c34-857b83e333b2
