world: world
x: 99.7171768930553
y: 54.0
z: 284.0010408235858
yaw: 0.15475464
pitch: 3.3887796
name: xray
lastowner: 1de0cf95-fbd4-33aa-9c34-857b83e333b2
