world: world
x: 136.27951695451463
y: 54.0
z: 261.5319510278691
yaw: 269.29907
pitch: 0.93117595
name: zoot
lastowner: 1de0cf95-fbd4-33aa-9c34-857b83e333b2
